8.486504669660788203e-02
8.486504669660788203e-02
8.486504669660788203e-02
8.486504669660788203e-02
8.486504669660788203e-02
8.486504669660788203e-02
8.486504669660788203e-02
8.486504669660788203e-02
8.486504669660788203e-02
8.486504669660788203e-02
8.486504669660788203e-02
8.486504669660788203e-02
8.486504669660788203e-02
8.486504669660788203e-02
8.486504669660788203e-02
8.486504669660788203e-02
8.486504669660788203e-02
8.486504669660788203e-02
8.486504669660788203e-02
8.486504669660788203e-02
8.486504669660788203e-02
8.486504669660788203e-02
8.486504669660788203e-02
8.486504669660788203e-02
8.486504669660788203e-02
8.486504669660788203e-02
8.486504669660788203e-02
8.486504669660788203e-02
8.486504669660788203e-02
8.486504669660788203e-02
8.486504669660788203e-02
8.486504669660788203e-02
8.486504669660788203e-02
8.486504669660788203e-02
0.000000000000000000e+00
0.000000000000000000e+00
4.254700282953782775e-02
6.930440449693694993e-02
3.053056923053297164e-02
5.059448757132748581e-02
1.988872549771293283e-02
8.128986077138838917e-02
6.125190757792853269e-02
5.457094988440513994e-02
2.441136571169852040e-02
3.749171566225656393e-02
3.313397189869918963e-02
1.594702518161460886e-02
3.132716827334205978e-02
0.000000000000000000e+00
0.000000000000000000e+00
0.000000000000000000e+00
0.000000000000000000e+00
8.158557902543459028e-02
5.690953580504604092e-02
3.037030699566662176e-02
3.504300507678516363e-02
1.691879089043516610e-02
4.295183457393689230e-02
5.352492323758589049e-02
2.269930623705541592e-02
-5.052050327738711807e-03
1.907292239114624036e-03
3.720484203437236098e-02
5.387896393578917725e-02
1.043242041693539096e-01
0.000000000000000000e+00
0.000000000000000000e+00
0.000000000000000000e+00
0.000000000000000000e+00
7.054528087639584666e-02
1.136241033720885966e-03
6.437923005046511382e-02
2.536164376586245647e-02
3.160042772798583866e-02
1.473479471525947042e-02
5.165122982460888801e-02
5.504497588928836116e-02
-4.266077797253414738e-02
2.119815506341394401e-02
3.486484405413426552e-03
3.486553113217129296e-02
3.776763185137222562e-02
0.000000000000000000e+00
0.000000000000000000e+00
0.000000000000000000e+00
0.000000000000000000e+00
7.803581035892914741e-02
6.137092391049053103e-02
8.914022698725991567e-02
6.777302322885554731e-02
2.828333359641819339e-02
1.311634932054814642e-02
-9.785602248670139183e-03
2.118131976367420080e-02
-2.585538410803146780e-02
9.163404409239402082e-02
8.030188020893944123e-02
3.789743650669464420e-02
7.309458041022190433e-02
0.000000000000000000e+00
0.000000000000000000e+00
0.000000000000000000e+00
0.000000000000000000e+00
5.356355703617104308e-02
4.470744493198060970e-02
2.992066694416430778e-02
-9.302108397497323156e-03
5.105979080203064402e-02
7.389023627269057648e-02
1.495590182056327593e-02
4.617196124625715797e-02
8.887132394030412830e-02
3.487181571128500357e-02
4.469332308834882139e-02
2.920316907348743940e-03
8.188027368376263326e-02
0.000000000000000000e+00
0.000000000000000000e+00
0.000000000000000000e+00
0.000000000000000000e+00
4.220661851533030057e-02
5.780099316724156278e-02
7.301131100182975397e-02
2.862733548046254156e-02
4.140852658382833396e-02
4.329374464517238286e-02
6.818901538921880168e-02
4.560733892013892760e-02
9.576544585186408387e-02
3.468533750469163235e-02
4.674854318088979971e-02
5.292655363287914611e-02
7.161040813800165217e-02
0.000000000000000000e+00
0.000000000000000000e+00
0.000000000000000000e+00
0.000000000000000000e+00
1.095600916067075159e-01
5.860208378070621421e-02
5.667221273408524357e-02
2.492670818670331134e-02
-2.588437040735660361e-03
4.936094173936491497e-02
-9.045197720201996177e-04
4.495343842390516625e-02
4.316365221460456703e-02
3.856834729604873696e-02
2.443978720356373979e-02
5.692906050559714409e-02
5.531074468289112062e-02
0.000000000000000000e+00
0.000000000000000000e+00
0.000000000000000000e+00
0.000000000000000000e+00
5.695961352037862135e-02
8.462096886039639776e-02
5.910361906216885647e-02
6.764717452629430416e-02
5.813874462477446742e-02
1.573511937828187685e-02
2.208103639363565018e-02
4.074008537649949357e-02
9.179621926590386671e-02
1.238200596271793984e-02
6.512234424644450237e-02
2.515852986017034013e-02
4.587506258287379901e-02
0.000000000000000000e+00
0.000000000000000000e+00
0.000000000000000000e+00
0.000000000000000000e+00
6.267559719564351484e-02
2.400747292952310277e-02
1.124478474712639446e-02
-2.057878003504134967e-02
3.204771780339523563e-02
7.875062232799988349e-02
3.477590994625858606e-02
4.570492854516867987e-02
5.652472304590971247e-02
4.265632752647358084e-02
4.351687615952554850e-02
3.893511933023877797e-02
5.079844066274136205e-02
0.000000000000000000e+00
0.000000000000000000e+00
0.000000000000000000e+00
0.000000000000000000e+00
7.178736363824993194e-02
3.915089790549516890e-02
2.735353606596228199e-02
2.884007476111145885e-02
-1.725388953357817265e-02
1.568341586610976987e-02
1.788802394454963585e-02
5.087711425859326592e-02
1.518433835256963876e-02
3.497314531934100912e-02
3.384234425585661010e-02
3.459834476209779075e-02
4.042594635460854818e-02
0.000000000000000000e+00
0.000000000000000000e+00
0.000000000000000000e+00
0.000000000000000000e+00
3.393580183336168676e-02
7.207777004155890843e-02
-3.238041323281815259e-04
2.455473092049503467e-02
-2.758528446963522118e-02
-8.287654788692293967e-03
3.726013054633343924e-02
1.886337756118075873e-02
2.711088913102683434e-02
4.389653608385109956e-02
3.138364685127249115e-02
6.056719424982923844e-02
5.932262054923815447e-02
0.000000000000000000e+00
0.000000000000000000e+00
0.000000000000000000e+00
0.000000000000000000e+00
7.813575826581725670e-02
6.895688426756517442e-02
2.805309531939757794e-02
3.975569308734451177e-03
5.897774301838986516e-02
3.557880346090243340e-02
7.363297848840762161e-02
7.782412755620257694e-02
2.001698689451568772e-02
2.629156001862226893e-02
4.843746163777642305e-02
3.956728603137845551e-02
5.988269664796762315e-02
0.000000000000000000e+00
0.000000000000000000e+00
0.000000000000000000e+00
0.000000000000000000e+00
1.593737824042388423e-02
2.765728199766119902e-02
3.862349675982325314e-02
1.980983638451863649e-02
6.076952077427694859e-02
7.588916144257785990e-02
6.038110283126196798e-02
4.109735751608561971e-02
7.281659105900950557e-02
4.655204568974122964e-02
8.125743181691232747e-03
3.972456329281632420e-02
4.276157817995710625e-02
0.000000000000000000e+00
0.000000000000000000e+00
8.486504669660788203e-02
8.486504669660788203e-02
8.486504669660788203e-02
8.486504669660788203e-02
8.486504669660788203e-02
8.486504669660788203e-02
8.486504669660788203e-02
8.486504669660788203e-02
8.486504669660788203e-02
8.486504669660788203e-02
8.486504669660788203e-02
8.486504669660788203e-02
8.486504669660788203e-02
8.486504669660788203e-02
8.486504669660788203e-02
8.486504669660788203e-02
8.486504669660788203e-02
8.486504669660788203e-02
8.486504669660788203e-02
8.486504669660788203e-02
8.486504669660788203e-02
8.486504669660788203e-02
8.486504669660788203e-02
8.486504669660788203e-02
8.486504669660788203e-02
8.486504669660788203e-02
8.486504669660788203e-02
8.486504669660788203e-02
8.486504669660788203e-02
8.486504669660788203e-02
8.486504669660788203e-02
8.486504669660788203e-02
8.486504669660788203e-02
8.486504669660788203e-02
8.486504669660788203e-02
8.486504669660788203e-02
0.000000000000000000e+00
0.000000000000000000e+00
0.000000000000000000e+00
0.000000000000000000e+00
0.000000000000000000e+00
0.000000000000000000e+00
0.000000000000000000e+00
0.000000000000000000e+00
0.000000000000000000e+00
0.000000000000000000e+00
0.000000000000000000e+00
0.000000000000000000e+00
0.000000000000000000e+00
8.486504669660788203e-02
8.486504669660788203e-02
8.486504669660788203e-02
8.486504669660788203e-02
0.000000000000000000e+00
0.000000000000000000e+00
0.000000000000000000e+00
0.000000000000000000e+00
0.000000000000000000e+00
0.000000000000000000e+00
0.000000000000000000e+00
0.000000000000000000e+00
0.000000000000000000e+00
0.000000000000000000e+00
0.000000000000000000e+00
0.000000000000000000e+00
0.000000000000000000e+00
8.486504669660788203e-02
8.486504669660788203e-02
8.486504669660788203e-02
8.486504669660788203e-02
2.872646729836866517e-02
2.297806370907956239e-02
4.892028584297362231e-02
-2.470917205424432231e-03
3.862493634707628298e-02
7.541633664711638874e-03
-1.711341158445196103e-02
1.300876908311108388e-02
5.359770110184712555e-02
5.485421356776683938e-02
4.976505334604386724e-03
7.267449916390834874e-02
6.010067360976019402e-02
8.486504669660788203e-02
8.486504669660788203e-02
8.486504669660788203e-02
8.486504669660788203e-02
1.254813328026545619e-02
4.195148079195898383e-02
2.939998856993132625e-02
4.054317120859642076e-02
3.441586357847183086e-02
6.605187898058531397e-03
2.760641031542471896e-02
7.373470923055849835e-02
4.166295717339273813e-02
8.666747805026947526e-02
7.372281773624959900e-02
4.389895459057566174e-02
1.888602945634244856e-02
8.486504669660788203e-02
8.486504669660788203e-02
8.486504669660788203e-02
8.486504669660788203e-02
2.481944177213546432e-02
6.221306616641972265e-02
3.816072780886926169e-02
6.464627276007538226e-02
5.483914867463531712e-02
7.791411208381721076e-02
-8.533500371982241303e-03
1.664425670444125496e-02
8.552517648661608907e-02
5.079042592844202481e-02
6.165489618965708241e-02
5.202189110708342612e-02
6.099090850092325072e-02
8.486504669660788203e-02
8.486504669660788203e-02
8.486504669660788203e-02
8.486504669660788203e-02
7.862281841186773146e-02
5.090421786827524497e-02
2.154284816361405619e-02
3.121797274260452310e-02
5.591704605131236211e-02
4.856643241719763721e-02
5.319702218012349604e-02
-3.922596389693433321e-03
5.703645600932397836e-02
-2.534347032616966755e-02
2.383520079169509226e-02
5.494262189930001344e-02
3.582159919818091870e-02
8.486504669660788203e-02
8.486504669660788203e-02
8.486504669660788203e-02
8.486504669660788203e-02
4.160387286169116294e-02
7.270245119952367663e-02
8.720720726188065097e-02
1.018760049547747099e-01
4.520249503997061241e-02
1.072203342485280285e-02
8.873406647992880536e-02
2.042847354813791261e-02
2.300259505322881440e-02
5.627935735687383811e-02
6.474665368517788788e-02
1.050545314755678833e-01
3.799020066237003557e-02
8.486504669660788203e-02
8.486504669660788203e-02
8.486504669660788203e-02
8.486504669660788203e-02
-2.924183527319978385e-03
-1.143749777423916023e-02
5.117775010449541334e-02
6.436420668730681582e-02
3.853053181619441048e-02
1.797511091709493719e-02
3.207949070297001770e-02
4.523507929248701820e-02
3.179524675237393322e-02
3.255828042546567852e-02
5.895953724054011497e-02
3.562015738845787649e-02
4.293865970137585725e-02
8.486504669660788203e-02
8.486504669660788203e-02
8.486504669660788203e-02
8.486504669660788203e-02
-9.315245021250643381e-03
2.553307504642314193e-02
2.436008525076137007e-02
6.903736441106335386e-02
6.509149045408221812e-02
2.958271248034829992e-02
6.805971362881398090e-02
7.416212598812139956e-02
5.741373088848652356e-02
7.204881239428222173e-02
3.303852038328552315e-02
2.548937092146802766e-02
4.025898963321832003e-02
8.486504669660788203e-02
8.486504669660788203e-02
8.486504669660788203e-02
8.486504669660788203e-02
-1.097868136621010966e-02
2.019445364206752871e-02
6.758059236197826170e-02
5.076241609577805333e-03
3.299625858813173829e-02
4.830753161783640781e-02
7.996874001990447733e-02
2.746993033681532567e-02
1.606852459342758555e-02
7.758066276341489542e-02
4.153956190534267845e-02
4.024905557401445289e-02
2.502961133066464519e-02
8.486504669660788203e-02
8.486504669660788203e-02
8.486504669660788203e-02
8.486504669660788203e-02
3.672721702181003245e-02
5.653971159234992550e-02
7.484566149898286280e-02
5.903021374642904162e-02
5.864785979998193843e-02
9.605154314018787831e-03
6.374008538770924159e-02
5.631152773647379178e-02
5.005223228723403028e-02
3.299292173145713242e-02
6.136460899464918350e-02
6.366506400674044885e-02
4.266308930349067136e-02
8.486504669660788203e-02
8.486504669660788203e-02
8.486504669660788203e-02
8.486504669660788203e-02
4.828835832719644700e-02
3.704417913580449612e-02
1.799405031495748819e-02
4.476130739153572069e-02
9.965667986504533893e-02
4.670225154983547594e-02
5.083205416828726064e-02
2.427166530416954848e-02
8.292306677394570280e-02
8.974751823976302723e-02
5.273448576925235387e-02
5.763704595135324404e-02
8.917378311926497936e-02
8.486504669660788203e-02
8.486504669660788203e-02
8.486504669660788203e-02
8.486504669660788203e-02
5.373185442130338357e-02
1.500240004840545580e-02
8.009715723554852729e-02
7.611330534720227303e-02
1.059816266061155698e-01
3.557383376605533637e-02
3.051216977315768502e-03
4.095015381829386625e-02
6.551233862833782950e-02
2.285005598739449015e-02
5.583080839504965531e-02
1.513489643444256537e-02
6.397388692900998243e-03
8.486504669660788203e-02
8.486504669660788203e-02
8.486504669660788203e-02
8.486504669660788203e-02
4.120002578862896198e-02
6.397274926913927573e-02
6.373055103527812404e-02
8.786750512241939259e-02
1.672387737638357866e-02
5.064815912248140511e-02
-5.069803943326445933e-03
5.923021626844298358e-03
3.152115747584097183e-02
4.553384926182866416e-02
4.940639895218869315e-02
5.901532441326994179e-03
3.459423728457722974e-02
8.486504669660788203e-02
8.486504669660788203e-02
8.486504669660788203e-02
8.486504669660788203e-02
7.024667317378670284e-02
4.033416750358224945e-03
4.562268715264570368e-02
3.303567976751386678e-03
7.548577041295973476e-03
-4.554427611312051975e-03
3.670812254320244845e-03
-8.944637259744011096e-03
3.502864199973702852e-02
9.839644542381080841e-03
3.816356928426497402e-02
7.313191241610854376e-02
3.047089033927432439e-02
8.486504669660788203e-02
8.486504669660788203e-02
8.486504669660788203e-02
8.486504669660788203e-02
0.000000000000000000e+00
0.000000000000000000e+00
0.000000000000000000e+00
0.000000000000000000e+00
0.000000000000000000e+00
0.000000000000000000e+00
0.000000000000000000e+00
0.000000000000000000e+00
0.000000000000000000e+00
0.000000000000000000e+00
0.000000000000000000e+00
0.000000000000000000e+00
0.000000000000000000e+00
8.486504669660788203e-02
8.486504669660788203e-02
8.486504669660788203e-02
8.486504669660788203e-02
0.000000000000000000e+00
0.000000000000000000e+00
0.000000000000000000e+00
0.000000000000000000e+00
0.000000000000000000e+00
0.000000000000000000e+00
0.000000000000000000e+00
0.000000000000000000e+00
0.000000000000000000e+00
0.000000000000000000e+00
0.000000000000000000e+00
0.000000000000000000e+00
0.000000000000000000e+00
8.486504669660788203e-02
8.486504669660788203e-02
8.486504669660788203e-02
8.486504669660788203e-02
8.486504669660788203e-02
8.486504669660788203e-02
8.486504669660788203e-02
8.486504669660788203e-02
8.486504669660788203e-02
8.486504669660788203e-02
8.486504669660788203e-02
8.486504669660788203e-02
8.486504669660788203e-02
8.486504669660788203e-02
8.486504669660788203e-02
8.486504669660788203e-02
8.486504669660788203e-02
8.486504669660788203e-02
8.486504669660788203e-02
8.486504669660788203e-02
8.486504669660788203e-02
8.486504669660788203e-02
8.486504669660788203e-02
8.486504669660788203e-02
8.486504669660788203e-02
8.486504669660788203e-02
8.486504669660788203e-02
8.486504669660788203e-02
8.486504669660788203e-02
8.486504669660788203e-02
8.486504669660788203e-02
8.486504669660788203e-02
8.486504669660788203e-02
8.486504669660788203e-02
8.486504669660788203e-02
8.486504669660788203e-02
0.000000000000000000e+00
0.000000000000000000e+00
4.123235492436799765e-02
6.834392316846644999e-02
3.003864364325206648e-02
4.792012804931737591e-02
1.959030001145362770e-02
8.240725811079940843e-02
5.930563787026151001e-02
5.419994590948112173e-02
2.284540431760112567e-02
3.510307205017681315e-02
3.025074658299370736e-02
1.450051589512257010e-02
3.117362159104481237e-02
0.000000000000000000e+00
0.000000000000000000e+00
0.000000000000000000e+00
0.000000000000000000e+00
4.359038708234841408e-02
3.388285034114734556e-02
2.057181253691406017e-02
2.814109030259415514e-02
3.077694588956330843e-02
7.358974817649195643e-02
6.632250778694137594e-02
2.050282734871976265e-02
1.251737632470831599e-02
-9.544817486093676306e-03
1.122609309628385885e-02
4.161901202435853639e-03
3.900942466018612886e-02
0.000000000000000000e+00
0.000000000000000000e+00
0.000000000000000000e+00
0.000000000000000000e+00
3.211221148126604946e-02
1.645325947925094234e-02
4.158316913883736143e-02
9.594645793083259391e-03
3.632971113108266620e-02
1.505573505772796888e-02
3.191362615474703512e-02
1.179591158465053725e-02
-1.853852128154551485e-02
2.585258753064751617e-03
-2.361564671321714562e-02
-3.901174290065776394e-03
-1.299091961364833925e-03
0.000000000000000000e+00
0.000000000000000000e+00
0.000000000000000000e+00
0.000000000000000000e+00
2.368602670334613372e-02
2.233005587260860833e-02
2.122987591525322959e-02
1.911060487816114081e-02
1.142636392493266533e-02
1.662111180822314210e-02
4.021799565457648100e-03
1.275881794109794826e-02
-2.548401249112000264e-02
2.006773945820756674e-02
6.561073989429891049e-03
-2.334161117512656772e-02
1.413868738581825282e-02
0.000000000000000000e+00
0.000000000000000000e+00
0.000000000000000000e+00
0.000000000000000000e+00
2.591209943625507467e-02
1.928303158269241077e-02
-4.381799504103472964e-03
-5.799840484027731641e-03
5.724628596087726756e-03
2.870907624352679946e-02
-4.475139133887277854e-02
-2.714325404192622845e-02
8.115912639449326038e-05
-3.142361055622544096e-03
-1.202000257290980478e-02
-2.203100397032317290e-02
1.420056521240247414e-02
0.000000000000000000e+00
0.000000000000000000e+00
0.000000000000000000e+00
0.000000000000000000e+00
1.335983756891750279e-02
2.250564849440156272e-03
-8.221848437904348767e-04
9.623376543220119386e-03
-3.048318622904245059e-02
-1.078167576418790838e-02
1.241115794588025902e-03
-8.298058669535852624e-03
-8.023039309108930331e-03
-2.368866917172158734e-02
4.802303897977372102e-03
-1.830038304544217773e-02
-1.131581862911873113e-02
0.000000000000000000e+00
0.000000000000000000e+00
0.000000000000000000e+00
0.000000000000000000e+00
1.558694779731641458e-02
-5.121260306723318710e-04
-1.371749958970623455e-02
-1.892626385942700398e-02
-9.189612555807288863e-03
-1.043614126410771954e-02
-2.009168877158705804e-02
-2.894714250903589539e-02
-5.824992426540208726e-03
-1.131247253546208489e-02
-1.775813360649318787e-02
-9.090193497887946034e-03
-2.116260536042350454e-02
0.000000000000000000e+00
0.000000000000000000e+00
0.000000000000000000e+00
0.000000000000000000e+00
2.084505355877929941e-03
-5.286545899822908158e-03
-1.637034024437047583e-02
-1.399056616813104670e-02
-2.502924042806855057e-02
-4.133378686754602890e-03
-2.407487333715509215e-02
-2.673814023331444814e-02
-1.500901211669637865e-02
-2.938753185960870859e-02
-2.167163400160623116e-02
-2.405228361830218098e-02
-1.770324782542722145e-02
0.000000000000000000e+00
0.000000000000000000e+00
0.000000000000000000e+00
0.000000000000000000e+00
-8.957698256557884361e-03
-1.062624800795908611e-02
-2.748222191642874651e-02
-3.153587507068331131e-02
-4.844070223854342327e-02
-2.473725897043200714e-02
-2.049352971788665281e-02
-1.794944217422872468e-02
-8.874242321198239081e-03
-9.664565789728881209e-03
-2.376008675868617262e-02
-2.313726893621171829e-02
-1.732318175061879281e-02
0.000000000000000000e+00
0.000000000000000000e+00
0.000000000000000000e+00
0.000000000000000000e+00
-7.234504578465861258e-03
-1.822780727774517273e-02
-1.792430853925860296e-02
-1.999204822880032775e-02
-2.026868694057066753e-02
-3.631921239905852583e-02
-3.964989710734530964e-02
-1.242988959991437464e-02
-2.404731667850278781e-02
-1.308104606599297046e-02
-3.286402430847538969e-02
-1.497361272936437344e-02
-4.101472028594173140e-03
0.000000000000000000e+00
0.000000000000000000e+00
0.000000000000000000e+00
0.000000000000000000e+00
-5.247440300640771526e-04
-1.292554712176664268e-02
-1.676924839897890596e-02
-6.146326850116100478e-03
-3.946445284026256495e-02
-2.585475935622486010e-02
-2.326191364644236356e-02
-1.552557565913932017e-03
-9.758634562119439942e-03
-2.081950802308146081e-02
-1.032524787145248403e-02
-3.462245813340841805e-03
2.415271417995638309e-05
0.000000000000000000e+00
0.000000000000000000e+00
0.000000000000000000e+00
0.000000000000000000e+00
4.206196369233908793e-04
-8.129006094067381741e-03
-5.788279602893860176e-03
-6.414389641167833611e-03
-1.943160607821069197e-02
-1.981852101560229937e-02
-1.615117076308040297e-03
-5.227872196350248288e-03
-1.695697250118411228e-02
-5.692366010293423151e-03
-3.721015772160765709e-03
1.265901177751421920e-03
-5.247064487053573756e-04
0.000000000000000000e+00
0.000000000000000000e+00
0.000000000000000000e+00
0.000000000000000000e+00
0.000000000000000000e+00
0.000000000000000000e+00
0.000000000000000000e+00
0.000000000000000000e+00
0.000000000000000000e+00
0.000000000000000000e+00
0.000000000000000000e+00
0.000000000000000000e+00
0.000000000000000000e+00
0.000000000000000000e+00
0.000000000000000000e+00
0.000000000000000000e+00
0.000000000000000000e+00
0.000000000000000000e+00
0.000000000000000000e+00
0.000000000000000000e+00
0.000000000000000000e+00
0.000000000000000000e+00
0.000000000000000000e+00
0.000000000000000000e+00
0.000000000000000000e+00
0.000000000000000000e+00
0.000000000000000000e+00
0.000000000000000000e+00
0.000000000000000000e+00
0.000000000000000000e+00
0.000000000000000000e+00
0.000000000000000000e+00
0.000000000000000000e+00
0.000000000000000000e+00
0.000000000000000000e+00
0.000000000000000000e+00
0.000000000000000000e+00
0.000000000000000000e+00
0.000000000000000000e+00
0.000000000000000000e+00
0.000000000000000000e+00
0.000000000000000000e+00
0.000000000000000000e+00
0.000000000000000000e+00
0.000000000000000000e+00
0.000000000000000000e+00
0.000000000000000000e+00
0.000000000000000000e+00
0.000000000000000000e+00
0.000000000000000000e+00
0.000000000000000000e+00
0.000000000000000000e+00
0.000000000000000000e+00
0.000000000000000000e+00
0.000000000000000000e+00
0.000000000000000000e+00
0.000000000000000000e+00
0.000000000000000000e+00
0.000000000000000000e+00
0.000000000000000000e+00
0.000000000000000000e+00
0.000000000000000000e+00
0.000000000000000000e+00
0.000000000000000000e+00
0.000000000000000000e+00
0.000000000000000000e+00
0.000000000000000000e+00
0.000000000000000000e+00
0.000000000000000000e+00
0.000000000000000000e+00
0.000000000000000000e+00
0.000000000000000000e+00
0.000000000000000000e+00
0.000000000000000000e+00
0.000000000000000000e+00
0.000000000000000000e+00
0.000000000000000000e+00
0.000000000000000000e+00
0.000000000000000000e+00
0.000000000000000000e+00
0.000000000000000000e+00
0.000000000000000000e+00
0.000000000000000000e+00
0.000000000000000000e+00
0.000000000000000000e+00
0.000000000000000000e+00
0.000000000000000000e+00
0.000000000000000000e+00
0.000000000000000000e+00
0.000000000000000000e+00
0.000000000000000000e+00
0.000000000000000000e+00
0.000000000000000000e+00
0.000000000000000000e+00
0.000000000000000000e+00
0.000000000000000000e+00
0.000000000000000000e+00
0.000000000000000000e+00
0.000000000000000000e+00
0.000000000000000000e+00
0.000000000000000000e+00
0.000000000000000000e+00
0.000000000000000000e+00
0.000000000000000000e+00
0.000000000000000000e+00
0.000000000000000000e+00
-1.032836451327429289e-03
-7.390485826424946511e-04
-4.562946771125828138e-03
-7.290778670684578550e-03
-1.422008202470962171e-02
-1.674662616586668554e-02
-1.029323449429911559e-02
-1.608751061156921819e-02
-1.489312603338544330e-02
-5.310850715847408032e-03
-1.568490834806889056e-02
-1.462261617873145125e-02
-3.772424180171017345e-03
0.000000000000000000e+00
0.000000000000000000e+00
0.000000000000000000e+00
0.000000000000000000e+00
-3.377649794328442361e-03
3.758258681117931585e-04
-5.172179453905051405e-03
-5.129209933121269514e-03
-1.948909693192566600e-02
-2.535766393538281191e-02
-2.524394239209125021e-02
-3.036931861006096980e-02
-3.976387278586653723e-02
-2.284541266625118860e-02
-1.610357825331487983e-02
-7.386099045719849918e-03
-2.605974359515417921e-03
0.000000000000000000e+00
0.000000000000000000e+00
0.000000000000000000e+00
0.000000000000000000e+00
-1.549601722851611961e-03
-7.442893669344489462e-03
-1.615385626083533713e-02
-9.016781367592293164e-03
-3.176031476505181833e-02
-3.627097776700215909e-02
-7.030342146955460836e-02
-4.028504160037560400e-02
-3.031872368083361052e-02
-1.550974843811925297e-02
-9.739150592487368432e-03
-1.964714808905092258e-02
-3.271349312875716439e-03
0.000000000000000000e+00
0.000000000000000000e+00
0.000000000000000000e+00
0.000000000000000000e+00
-6.980706443354548971e-03
-1.234835360179402722e-02
-2.186030545064945527e-02
-1.826564787829930425e-02
-2.463868314570679882e-02
-2.871464262157711125e-02
-4.235213479233283784e-02
-2.527792386741176470e-02
-2.921527984032632266e-02
-1.430891487358631857e-02
-1.334306031629588045e-02
-1.653227648571096303e-02
-7.673568414519446081e-03
0.000000000000000000e+00
0.000000000000000000e+00
0.000000000000000000e+00
0.000000000000000000e+00
-1.158565921613534042e-02
-1.175154766474387387e-02
-1.567033904434496361e-02
-2.762454285453715130e-02
-1.618625836341533800e-02
-3.126541007563876651e-02
-2.487034443224647035e-02
-2.746463807073680138e-02
-2.359359656699507729e-02
-1.062877659751937202e-02
-1.317556988099102822e-02
-7.378364238078419061e-03
-5.845954146184537126e-03
0.000000000000000000e+00
0.000000000000000000e+00
0.000000000000000000e+00
0.000000000000000000e+00
-4.940286036589441876e-03
-3.195700256909497685e-03
-2.159145946214958978e-02
-1.912593179174089733e-02
-3.409996703677881102e-02
-2.926296319998128448e-02
-2.912144260950943683e-02
-2.208508589001709904e-02
-2.858737542067977741e-02
-7.268020346487784680e-03
-1.561618137494196618e-02
-6.576241298163067184e-03
-6.908719771295616582e-03
0.000000000000000000e+00
0.000000000000000000e+00
0.000000000000000000e+00
0.000000000000000000e+00
-9.803903570321952088e-03
-1.942440886194229943e-02
-2.505150069237219515e-02
-1.431011707971163727e-02
-3.137156962184493164e-02
-2.391381560815037180e-02
-2.555600774262247257e-02
-2.909747402283935011e-02
-1.686487523377715181e-02
-1.145920682759493658e-02
-4.126280192009737177e-04
6.355467062588758022e-03
-9.067833875398372684e-03
0.000000000000000000e+00
0.000000000000000000e+00
0.000000000000000000e+00
0.000000000000000000e+00
-1.276318544671854738e-02
-1.608544158909741215e-02
-4.756388702406658814e-02
-4.192351727791976401e-02
-1.482987599545593053e-02
-3.154554106774065669e-02
-2.290107316525767309e-02
-1.155328808592806858e-02
-7.844176980227582710e-03
3.852256798855428072e-03
-1.704891342531679801e-02
2.867241765680629876e-04
1.283029284146875240e-02
0.000000000000000000e+00
0.000000000000000000e+00
0.000000000000000000e+00
0.000000000000000000e+00
-2.373683327903479065e-02
-1.892753456366049608e-02
-2.644795076673825060e-02
-1.736642778831857040e-02
-6.611391370419798796e-02
9.587433987156064596e-03
-1.282791139358776178e-03
-2.658459908894733516e-03
3.754648332373405027e-03
-1.479769219999270240e-02
2.172952608389529478e-04
-1.130506284910852768e-02
-3.972076446403730553e-03
0.000000000000000000e+00
0.000000000000000000e+00
0.000000000000000000e+00
0.000000000000000000e+00
-9.111478644324729967e-03
1.655709676490600690e-02
-7.813100344906941455e-03
-2.068477393744646425e-02
-2.418100830353080155e-02
-1.645722479872464492e-02
1.932518573252891073e-02
2.172883019466853236e-02
1.477220553317309948e-02
6.099691376692709111e-03
-1.900622865972888048e-03
3.053452137144271970e-03
5.685259343496571263e-03
0.000000000000000000e+00
0.000000000000000000e+00
0.000000000000000000e+00
0.000000000000000000e+00
2.155604759861219633e-02
3.227786974947307458e-02
7.289673266037735230e-03
-9.338362536689790924e-03
3.540188115424249687e-02
3.468425098834294895e-02
7.108047900959539589e-02
5.649451202310812326e-02
3.922734567007990503e-02
2.748195730325532146e-02
2.730005959870968751e-02
6.214122633820245295e-03
3.122482908357857717e-02
0.000000000000000000e+00
0.000000000000000000e+00
0.000000000000000000e+00
0.000000000000000000e+00
1.566907879626113290e-02
2.738040421972916250e-02
3.855843109947899860e-02
1.963322669205256124e-02
6.057792837256192192e-02
7.580843484892869910e-02
6.027550203514059346e-02
4.103614279110477658e-02
7.268845854001967921e-02
4.642288072579723451e-02
8.066798110684643766e-03
3.969194595443835405e-02
4.277971229643515866e-02
0.000000000000000000e+00
0.000000000000000000e+00
8.486504669660788203e-02
8.486504669660788203e-02
8.486504669660788203e-02
8.486504669660788203e-02
8.486504669660788203e-02
8.486504669660788203e-02
8.486504669660788203e-02
8.486504669660788203e-02
8.486504669660788203e-02
8.486504669660788203e-02
8.486504669660788203e-02
8.486504669660788203e-02
8.486504669660788203e-02
8.486504669660788203e-02
8.486504669660788203e-02
8.486504669660788203e-02
8.486504669660788203e-02
8.486504669660788203e-02
8.486504669660788203e-02
8.486504669660788203e-02
8.486504669660788203e-02
8.486504669660788203e-02
8.486504669660788203e-02
8.486504669660788203e-02
8.486504669660788203e-02
8.486504669660788203e-02
8.486504669660788203e-02
8.486504669660788203e-02
8.486504669660788203e-02
8.486504669660788203e-02
8.486504669660788203e-02
8.486504669660788203e-02
8.486504669660788203e-02
8.486504669660788203e-02
8.486504669660788203e-02
8.486504669660788203e-02
0.000000000000000000e+00
0.000000000000000000e+00
0.000000000000000000e+00
0.000000000000000000e+00
0.000000000000000000e+00
0.000000000000000000e+00
0.000000000000000000e+00
0.000000000000000000e+00
0.000000000000000000e+00
0.000000000000000000e+00
0.000000000000000000e+00
0.000000000000000000e+00
0.000000000000000000e+00
1.095919338885426170e-01
1.095919338885426170e-01
8.486504669660788203e-02
8.486504669660788203e-02
0.000000000000000000e+00
0.000000000000000000e+00
0.000000000000000000e+00
0.000000000000000000e+00
0.000000000000000000e+00
0.000000000000000000e+00
0.000000000000000000e+00
0.000000000000000000e+00
0.000000000000000000e+00
0.000000000000000000e+00
0.000000000000000000e+00
0.000000000000000000e+00
0.000000000000000000e+00
1.095919338885426170e-01
1.095919338885426170e-01
8.486504669660788203e-02
8.486504669660788203e-02
2.872646729836866517e-02
8.519778330707616226e-03
1.801346222342296854e-02
1.436673004542294262e-02
2.073094158091501674e-02
1.098160191157439812e-02
2.543049846306648376e-02
2.129673083849211584e-02
5.367738785467086882e-02
4.156580728670516978e-02
2.032756834623290071e-02
4.470932844779849924e-02
5.041409515510422712e-02
1.095919338885426170e-01
1.095919338885426170e-01
8.486504669660788203e-02
8.486504669660788203e-02
1.254813328026545619e-02
3.815222905071932041e-02
2.391719418696964042e-02
4.607499146118015226e-02
2.389007245170561566e-02
2.885974944601012171e-02
4.153496744616585329e-02
4.583477203540971268e-02
4.246326820429645321e-02
5.000054307596656783e-02
4.620240197894529693e-02
6.069112533165735984e-02
2.669426215917787212e-02
1.095919338885426170e-01
1.095919338885426170e-01
8.486504669660788203e-02
8.486504669660788203e-02
2.481944177213546432e-02
6.787276556549767803e-02
3.648823738439090081e-02
3.794388123624835990e-02
5.537660426977903533e-02
5.109950676835947614e-02
3.924252017908878148e-02
6.666402827706541245e-02
8.953074451455476923e-02
6.554117686426351452e-02
4.634493111441501112e-02
4.330504368191760017e-02
3.694728171427072438e-02
1.095919338885426170e-01
1.095919338885426170e-01
8.486504669660788203e-02
8.486504669660788203e-02
7.862281841186773146e-02
4.546316889934152311e-02
3.846212428413640222e-02
4.578847528348009566e-02
5.171488359720185363e-02
7.064128048330624299e-02
6.791174929774293489e-02
5.396777118312667126e-02
7.569591811205142462e-02
7.140944138427965382e-02
4.158474757759436646e-02
3.087048584425430842e-02
2.105189646327099151e-02
1.095919338885426170e-01
1.095919338885426170e-01
8.486504669660788203e-02
8.486504669660788203e-02
4.160387286169116294e-02
2.958946945640614917e-02
4.707980781536784398e-02
8.969406760477621754e-02
7.342265132182934639e-02
4.417543255378193756e-02
6.907015820205462953e-02
6.640742582409700501e-02
8.826164972900772676e-02
6.025458248095050262e-02
4.783922025043213511e-02
5.996269121592016221e-02
4.759660377545044119e-02
1.095919338885426170e-01
1.095919338885426170e-01
8.486504669660788203e-02
8.486504669660788203e-02
-2.924183527319978385e-03
3.762081134981039819e-03
4.855466923817289976e-02
6.648266636567526366e-02
4.556117813184940024e-02
7.084396639450257771e-02
8.283079212780598832e-02
7.547390478103090106e-02
6.504650229669076134e-02
6.175826557763672980e-02
7.581741963358959446e-02
5.721942037880766579e-02
4.585911913709196652e-02
1.095919338885426170e-01
1.095919338885426170e-01
8.486504669660788203e-02
8.486504669660788203e-02
-9.315245021250643381e-03
7.134155041853340769e-03
3.359936383560393341e-02
6.704190457265529757e-02
7.711187433829422289e-02
6.763065738081872058e-02
7.577972764659203497e-02
7.456427574660573487e-02
7.803987432516550082e-02
1.065864489601589388e-01
5.236051392494119744e-02
3.556830764248715415e-02
2.149681072283834288e-02
1.095919338885426170e-01
1.095919338885426170e-01
8.486504669660788203e-02
8.486504669660788203e-02
-1.097868136621010966e-02
1.499827457486862213e-02
5.670361311863240938e-02
3.199123632224103175e-02
8.541679513436323257e-02
8.917288079421900604e-02
9.481625594515724620e-02
8.298761428129580731e-02
5.867703606011904355e-02
8.256660481668445795e-02
4.772363386572747723e-02
4.533795390522697005e-02
4.194419756030352137e-02
1.095919338885426170e-01
1.095919338885426170e-01
8.486504669660788203e-02
8.486504669660788203e-02
3.672721702181003245e-02
6.690222195691224172e-02
8.656679159930789902e-02
8.111260646659308737e-02
8.531353800609009497e-02
9.744073301840538992e-02
8.596310038631116424e-02
8.547378862639987140e-02
7.918276912750525642e-02
6.394438485251371929e-02
5.615332945420525163e-02
4.100751857922919907e-02
4.908217257077105572e-02
1.095919338885426170e-01
1.095919338885426170e-01
8.486504669660788203e-02
8.486504669660788203e-02
4.828835832719644700e-02
4.852449678931047838e-02
4.511361869471472441e-02
7.161391602679763324e-02
9.342062099155334920e-02
1.089274504492558221e-01
8.654269284001160634e-02
8.225174584039220138e-02
6.828576785765815005e-02
6.240916606069011469e-02
4.045236692760965924e-02
5.814847498190877512e-02
4.616755211490736199e-02
1.095919338885426170e-01
1.095919338885426170e-01
8.486504669660788203e-02
8.486504669660788203e-02
5.373185442130338357e-02
6.416109072376734168e-02
8.494140178894610260e-02
1.184314395476850357e-01
1.138274603788033412e-01
8.308070762937054543e-02
6.481185637213680850e-02
6.373238817477755447e-02
5.269010912977754868e-02
5.339385753482340374e-02
3.349100373653787766e-02
2.647051174200143464e-02
1.314451998975331264e-02
1.095919338885426170e-01
1.095919338885426170e-01
8.486504669660788203e-02
8.486504669660788203e-02
4.120002578862896198e-02
6.151203040219196949e-02
8.791224103087497133e-02
1.303243926509051465e-01
4.052324733090115899e-02
8.832636247781931738e-02
3.656698058142510838e-02
5.236512165321522555e-02
5.835079181619197419e-02
3.885353002362137292e-02
3.877419807858175499e-02
1.213584660796315426e-02
3.431164601273935244e-02
1.095919338885426170e-01
1.095919338885426170e-01
8.486504669660788203e-02
8.486504669660788203e-02
7.024667317378670284e-02
6.205120990789324970e-02
8.212891949663193858e-02
6.962110200004403837e-02
5.649823109398059012e-02
4.597378236998372891e-02
4.744284690641677876e-02
3.526644741753928031e-02
3.080819532718445664e-02
1.185931174600834796e-02
4.177160667894524310e-02
4.121990622518437869e-02
3.083231562117719551e-02
1.095919338885426170e-01
1.095919338885426170e-01
8.486504669660788203e-02
8.486504669660788203e-02
0.000000000000000000e+00
0.000000000000000000e+00
0.000000000000000000e+00
0.000000000000000000e+00
0.000000000000000000e+00
0.000000000000000000e+00
0.000000000000000000e+00
0.000000000000000000e+00
0.000000000000000000e+00
0.000000000000000000e+00
0.000000000000000000e+00
0.000000000000000000e+00
0.000000000000000000e+00
1.095919338885426170e-01
1.095919338885426170e-01
8.486504669660788203e-02
8.486504669660788203e-02
0.000000000000000000e+00
0.000000000000000000e+00
0.000000000000000000e+00
0.000000000000000000e+00
0.000000000000000000e+00
0.000000000000000000e+00
0.000000000000000000e+00
0.000000000000000000e+00
0.000000000000000000e+00
0.000000000000000000e+00
0.000000000000000000e+00
0.000000000000000000e+00
0.000000000000000000e+00
1.095919338885426170e-01
1.095919338885426170e-01
1.095919338885426170e-01
1.095919338885426170e-01
0.000000000000000000e+00
0.000000000000000000e+00
0.000000000000000000e+00
0.000000000000000000e+00
0.000000000000000000e+00
0.000000000000000000e+00
0.000000000000000000e+00
0.000000000000000000e+00
0.000000000000000000e+00
0.000000000000000000e+00
0.000000000000000000e+00
0.000000000000000000e+00
0.000000000000000000e+00
8.486504669660788203e-02
8.486504669660788203e-02
1.095919338885426170e-01
1.095919338885426170e-01
0.000000000000000000e+00
0.000000000000000000e+00
0.000000000000000000e+00
0.000000000000000000e+00
0.000000000000000000e+00
0.000000000000000000e+00
0.000000000000000000e+00
0.000000000000000000e+00
0.000000000000000000e+00
0.000000000000000000e+00
0.000000000000000000e+00
0.000000000000000000e+00
0.000000000000000000e+00
8.486504669660788203e-02
8.486504669660788203e-02
1.095919338885426170e-01
1.095919338885426170e-01
4.546592972842776470e-02
3.198541088501986873e-02
2.854523111043133846e-02
1.456658794410646204e-02
3.820896125933467835e-02
2.174267509125336548e-02
2.940096990160012344e-02
5.408569020059245114e-02
4.578827734253673037e-02
6.218631317902820199e-02
4.600488915576619181e-02
5.808412209654869457e-02
6.010067360976019402e-02
8.486504669660788203e-02
8.486504669660788203e-02
1.095919338885426170e-01
1.095919338885426170e-01
2.872408224690050846e-02
2.463255890503828621e-02
2.531300691329846017e-02
2.793841797626160292e-02
5.254413809869463992e-02
4.291810151587294869e-02
4.871662401426832961e-02
9.931931584356307186e-02
7.412447775111694059e-02
1.023687511336935779e-01
1.104845701176241368e-01
5.533287269293912791e-02
1.888602945634244856e-02
8.486504669660788203e-02
8.486504669660788203e-02
1.095919338885426170e-01
1.095919338885426170e-01
1.269084057082818864e-02
3.291313409108915372e-02
2.120736726753856202e-02
6.501167439024885253e-02
6.124401605286530076e-02
6.983313064001940573e-02
4.455352672875137476e-02
4.303186161863407910e-02
1.187824866339924346e-01
8.410711146292079721e-02
8.572555378970005135e-02
5.550855579706805848e-02
6.099090850092325072e-02
8.486504669660788203e-02
8.486504669660788203e-02
1.095919338885426170e-01
1.095919338885426170e-01
5.122690829021042669e-02
4.477216754998344234e-02
3.404838759930544495e-02
5.976140162932586791e-02
6.784745790021975975e-02
8.111052387292881638e-02
7.081983645027464802e-02
6.131220688857108581e-02
7.658895066275045460e-02
5.147613058843289457e-02
4.498528380149589834e-02
4.135240396473202629e-02
3.582159919818091870e-02
8.486504669660788203e-02
8.486504669660788203e-02
1.095919338885426170e-01
1.095919338885426170e-01
2.991750913932628847e-02
5.177960570059476908e-02
7.615427531677967932e-02
1.012940314818594340e-01
7.002988085676917218e-02
6.943144732609335401e-02
7.111329378430825132e-02
7.350000690529266689e-02
6.297354114793086988e-02
8.921324759795033754e-02
6.698139365425136160e-02
7.202835039371358050e-02
3.799020066237003557e-02
8.486504669660788203e-02
8.486504669660788203e-02
1.095919338885426170e-01
1.095919338885426170e-01
2.744747152621151987e-02
3.705805958003849376e-02
4.386463856660061111e-02
8.685441082329344031e-02
6.243504871995768368e-02
7.300548897190455022e-02
6.370511281894949973e-02
5.838526791892696688e-02
8.998873304250892824e-02
5.260998696036491701e-02
7.711914822897870947e-02
3.988585344907439462e-02
4.293865970137585725e-02
8.486504669660788203e-02
8.486504669660788203e-02
1.095919338885426170e-01
1.095919338885426170e-01
1.032792268032536528e-02
3.318271163992730921e-02
4.029410064227625238e-02
1.144373984882003786e-01
7.641191157501071862e-02
5.693020766653637821e-02
7.184064808962463411e-02
7.748443695344719995e-02
9.731913726936246289e-02
8.855233080335690732e-02
5.013602907039466094e-02
4.040641578650523008e-02
4.025898963321832003e-02
8.486504669660788203e-02
8.486504669660788203e-02
1.095919338885426170e-01
1.095919338885426170e-01
1.941043912175920497e-02
4.049601007928312069e-02
7.871874678447690621e-02
5.827626723601336822e-02
8.112833793859075548e-02
6.578367470735059508e-02
9.541027744381594400e-02
7.307837679551106025e-02
3.302795608606715755e-02
6.324566669105037564e-02
5.935489275086000549e-02
4.525966278685823740e-02
2.502961133066464519e-02
8.486504669660788203e-02
8.486504669660788203e-02
1.095919338885426170e-01
1.095919338885426170e-01
1.953612123544835877e-02
6.932214335272456063e-02
8.220011972127837241e-02
7.271090823908954448e-02
8.964536220186460069e-02
7.817396598029857646e-02
6.742997076246756705e-02
7.897376713560798345e-02
8.364211052749054298e-02
6.082747452114520281e-02
5.934990445779608076e-02
6.363144936774990656e-02
4.266308930349067136e-02
8.486504669660788203e-02
8.486504669660788203e-02
1.095919338885426170e-01
1.095919338885426170e-01
4.130495829653703377e-02
2.297496729193787210e-02
3.576174014828481518e-02
9.161022634828173972e-02
8.102549311541144827e-02
6.623213098144624389e-02
7.441010156879530879e-02
6.413924555358910262e-02
5.153120128949752882e-02
9.585587942761276958e-02
6.924757052376585842e-02
7.726354120239778411e-02
8.917378311926497936e-02
8.486504669660788203e-02
8.486504669660788203e-02
1.095919338885426170e-01
1.095919338885426170e-01
3.691425991872630125e-02
5.154601851466406037e-02
8.675870560917825491e-02
8.867492837895596391e-02
9.434936319289995155e-02
6.221179281077523354e-02
6.831217554735417863e-02
6.172526241375554668e-02
5.044103167635032026e-02
4.748104807868542415e-02
5.927100207727634823e-02
2.947082212069758109e-02
6.397388692900998243e-03
8.486504669660788203e-02
8.486504669660788203e-02
1.095919338885426170e-01
1.095919338885426170e-01
3.248499739311857398e-02
5.970603803566155304e-02
6.614730643065204474e-02
9.642215033182899298e-02
4.071084786244488080e-02
6.677098222324014121e-02
2.327982152804254287e-02
3.421274225679620667e-02
5.004514747039913447e-02
3.733494614014850471e-02
3.070298328043987932e-02
2.019636422492555178e-02
3.459423728457722974e-02
8.486504669660788203e-02
8.486504669660788203e-02
1.095919338885426170e-01
1.095919338885426170e-01
6.468669284208508619e-02
6.212758976075362372e-02
6.522578046253135753e-02
5.347182159935292417e-02
4.998108928051509664e-02
2.805308114931708008e-02
2.960098980772411445e-02
2.137122789688953098e-02
2.563643736352234914e-02
1.568854237020107789e-02
3.392127736026351315e-02
3.998585774600649928e-02
3.047089033927432439e-02
8.486504669660788203e-02
8.486504669660788203e-02
1.095919338885426170e-01
1.095919338885426170e-01
0.000000000000000000e+00
0.000000000000000000e+00
0.000000000000000000e+00
0.000000000000000000e+00
0.000000000000000000e+00
0.000000000000000000e+00
0.000000000000000000e+00
0.000000000000000000e+00
0.000000000000000000e+00
0.000000000000000000e+00
0.000000000000000000e+00
0.000000000000000000e+00
0.000000000000000000e+00
8.486504669660788203e-02
8.486504669660788203e-02
1.095919338885426170e-01
1.095919338885426170e-01
0.000000000000000000e+00
0.000000000000000000e+00
0.000000000000000000e+00
0.000000000000000000e+00
0.000000000000000000e+00
0.000000000000000000e+00
0.000000000000000000e+00
0.000000000000000000e+00
0.000000000000000000e+00
0.000000000000000000e+00
0.000000000000000000e+00
0.000000000000000000e+00
0.000000000000000000e+00
8.486504669660788203e-02
8.486504669660788203e-02
